1985      2      024815     0   158811591R9999R99R9R 948154       999       441026     00          77,81            ,00            ,00            ,00189  0

1985      2      024815     0    47765761R9999R99R9R 948154       999       221068     00          77,81            ,00            ,00            ,00189  0

1985      2      024815     0    63629451R9999R99R9R 948154       999       221039     00          77,81            ,00            ,00            ,00189  0

1985      2      024815     0    16038361R9999R99R9R 948154       999       441046     00          77,81            ,00            ,00            ,00189  0

1985      2      024815     0    31902242R9999R99R9R 948154       999       221061     00          77,81            ,00            ,00            ,00189  0

1985      2      024815     0    95356832R9999R99R9R 948154       999       221032     00          77,81            ,00            ,00            ,00189  0

1985      2      024815     0   111220522R9999R99R9R 948154       999       112068     00          77,81            ,00            ,00            ,00189  0

1985      2      024815     0    79493122R9999R99R9R 948154       999       441043     00          77,81            ,00            ,00            ,00189  0

1985      2      024815     0   142947902R9999R99R9R 948154       999       112063     00          77,81            ,00            ,00            ,00189  0

1985      2      024815     0   127084212R9999R99R9R 948154       999       112053     00          77,81            ,00            ,00            ,00189  0






